ID	NPCID	NAME	PIC	HP	MP	ACK	DEF	PRICE	TYPE
16
6001	5001	╛▐╜г	╜г	0	0	50	0	100	2
6002	5001	╖и╒╚	╒╚	0	0	60	0	120	2
6003	5001	╖╔я┌	я┌	0	0	40	0	90	2
6004	5001	╣н╝¤	╝¤	0	0	50	0	100	2
6005	5001	═╖┐°	┐°	0	0	0	10	90	0
6006	5001	╠·╨м	╨м	0	0	0	10	100	4
6007	5002	║ь╥й	║ь	50	0	0	0	100	5
6008	5002	└╢╥й	└╢	0	50	0	0	120	5
6009	5003	╘┐│╫	╘┐	0	0	0	0	100	6
6010	5003	╜Ё▒ж╩п	╜Ё	0	0	0	0	120	6
6011	5003	╥°▒ж╩п	╥°	0	0	0	0	90	6
6012	5004	╗Ё╤ц╓с	╤ц	0	0	80	0	120	7
6013	5004	└╫╡ч╓с	╡ч	0	0	100	0	90	7
6014	5006	╗Ё╤ц┴·	┴·	100	100	50	5	500	8
6015	5006	╡п╠°═▄	═▄	110	90	50	5	500	8
6016	5006	ргрг╙у	╙у	90	110	50	5	500	8	